262
495
382
127
82
201
186
431
500
106
312
101
313
472
323
471
355
4
332
76
467
161
492
366
329
274
365
275
297
47
3
16
253
20
252
202
287
238
30
190
96
157
374
49
51
149
398
420
163
162
373
248
7
310
143
171
432
363
278
80
22
429
357
122
239
285
27
342
17
64
442
52
328
128
447
489
217
232
123
247
404
99
168
444
491
331
327
462
403
316
145
103
251
111
356
156
188
42
335
220
233
290
61
490
18
230
448
308
280
136
141
377
367
286
21
175
368
358
131
246
387
380
463
371
279
458
53
425
184
369
14
351
13
282
438
483
289
204
152
266
97
104
459
120
23
405
422
148
301
480
150
277
112
218
189
199
407
435
439
379
284
160
215
337
66
482
153
386
474
39
164
225
481
212
213
452
375
182
359
305
307
56
258
133
339
95
72
465
144
457
303
45
433
245
451
237
158
479
249
229
414
140
264
40
107
235
383
265
309
50
93
399
370
146
216
198
125
344
283
397
54
334
2
486
345
113
130
461
110
255
343
257
185
378
445
37
270
155
134
88
34
250
81
10
338
436
298
391
60
469
86
223
478
12
418
424
214
219
94
268
228
393
440
449
75
362
124
324
392
69
73
476
493
263
139
25
361
468
494
206
79
381
409
372
137
340
65
154
243
129
293
83
260
116
32
9
118
261
317
197
84
26
167
221
44
121
90
389
46
244
15
48
410
71
210
234
276
1
119
485
294
364
296
496
192
256
98
165
443
300
460
473
207
384
390
488
115
105
314
423
426
417
273
203
209
176
402
292
181
336
68
180
269
236
395
200
320
347
464
19
31
194
408
28
91
147
178
394
341
475
325
427
57
78
453
446
350
58
85
231
6
421
497
172
43
321
241
11
271
450
376
322
24
346
487
396
311
92
400
477
304
187
466
401
177
36
62
354
484
419
456
208
319
135
55
205
240
306
430
41
411
222
109
259
142
353
385
195
159
437
318
191
126
102
412
333
360
196
74
299
5
211
352
454
348
67
138
170
224
132
349
406
183
326
415
193
295
151
87
441
33
114
77
272
117
226
242
281
288
455
428
413
470
499
166
169
227
498
302
416
179
267
173
8
434
89
108
330
29
38
291
254
35
70
388
174
315
100
63
59