337
35
286
26
426
128
2
355
282
63
157
9
174
312
16
373
211
287
221
338
46
133
24
220
247
111
478
120
213
280
314
22
65
307
271
323
196
69
66
169
391
215
496
483
250
6
266
469
296
285
255
456
395
389
351
73
25
88
473
226
75
29
372
18
257
237
366
419
179
181
30
476
447
262
198
138
488
311
264
197
104
336
61
324
62
415
71
440
37
158
118
484
387
396
115
267
272
309
248
163
170
432
384
121
171
184
291
176
353
218
214
145
295
489
331
77
405
49
40
275
444
491
474
380
89
463
259
435
94
345
44
486
342
139
254
52
178
204
162
317
43
91
461
217
383
428
371
84
140
334
59
209
202
12
205
183
246
374
150
235
122
107
201
212
131
392
193
277
480
283
241
269
180
370
360
33
349
322
398
249
399
365
95
78
439
112
58
13
97
60
203
460
229
367
335
165
390
141
233
236
408
397
79
281
265
51
142
99
53
325
208
297
431
7
429
256
394
130
465
344
173
238
279
497
452
382
258
421
117
41
113
339
172
96
132
407
363
152
194
126
346
210
436
487
90
500
458
127
166
224
21
450
385
20
303
57
15
155
381
378
268
475
364
315
362
156
11
93
231
137
477
284
299
377
313
134
109
406
495
294
28
293
457
70
159
151
39
234
333
386
481
464
423
216
263
454
341
147
188
298
103
177
393
92
438
81
10
485
175
129
462
8
327
190
449
136
189
119
442
330
376
350
144
186
403
239
316
245
308
219
261
472
410
400
320
164
466
302
340
225
68
251
98
1
200
379
453
87
319
100
23
143
154
445
498
446
230
310
260
31
167
468
409
467
422
451
19
146
326
32
54
348
369
17
56
368
352
425
343
222
114
243
402
417
36
493
416
116
228
300
195
404
191
306
479
149
85
240
55
433
358
375
278
102
86
253
50
232
153
471
427
45
356
304
434
160
227
401
3
455
418
347
420
414
4
361
288
42
101
48
124
199
459
105
244
5
270
252
82
411
187
289
125
329
448
192
135
354
67
76
443
490
161
206
148
290
185
38
207
318
242
499
74
359
292
80
14
223
276
34
388
470
27
412
108
357
110
274
64
168
437
301
182
83
441
332
72
273
430
482
492
494
106
305
328
413
47
321
123
424