126
460
202
323
394
492
393
159
136
334
60
7
352
484
435
55
266
339
282
100
261
355
68
14
247
148
201
419
252
406
281
449
485
251
407
97
434
237
442
490
400
270
109
1
103
456
413
303
215
37
332
343
452
340
219
349
304
350
225
56
177
196
163
154
444
65
403
107
345
64
134
295
242
232
463
180
206
44
142
173
160
170
26
216
351
87
284
437
152
147
214
183
254
366
145
430
203
329
317
418
119
217
324
115
409
327
390
133
167
165
472
313
421
483
260
15
71
46
494
253
427
172
200
415
58
93
92
42
318
373
175
436
356
90
454
368
36
414
439
80
425
244
495
108
398
387
73
39
426
431
448
239
95
455
123
396
19
316
130
53
83
423
186
66
184
102
135
63
337
375
363
204
445
16
391
156
440
388
137
50
51
12
498
116
234
138
272
187
121
464
166
278
140
198
476
18
94
416
128
265
292
157
301
218
310
411
194
402
417
144
79
326
101
487
481
478
72
399
54
268
424
307
25
222
231
161
267
408
171
477
371
212
320
290
433
263
359
374
392
191
193
462
420
174
181
257
10
300
192
82
188
30
199
69
259
229
322
169
22
249
305
57
23
223
248
296
338
74
369
330
461
362
6
141
8
17
106
306
189
333
475
319
447
38
389
382
211
358
210
384
151
245
4
314
76
347
321
328
129
291
325
250
150
255
213
168
287
380
294
441
341
302
395
309
453
459
117
59
500
361
405
21
443
228
132
283
78
357
240
241
98
111
312
280
195
153
342
122
377
488
155
85
451
48
289
41
149
354
360
471
344
33
496
11
269
124
164
404
271
182
221
209
179
276
288
31
256
233
262
336
348
378
401
40
226
28
143
47
446
457
104
24
469
315
465
486
493
158
70
224
383
335
470
311
298
258
146
67
120
43
458
353
376
438
299
397
125
432
468
466
410
118
236
2
114
279
77
246
35
139
99
32
13
367
297
275
176
274
62
364
112
238
220
429
479
3
113
45
381
372
96
190
370
293
227
185
197
474
127
422
29
379
243
385
450
162
88
131
84
308
27
412
273
489
230
286
499
346
110
49
9
285
480
52
277
473
89
81
205
467
86
75
34
208
386
5
20
428
497
207
482
235
365
264
61
331
178
105
91
491